  0   0   0   0   0   0   0   0   0   0   0   0   0   0   0   0
  0   0   2   2   2   2   2   2   2   2   2   2   2   2   0   0
  0   2 222 238 238 238 238 238 238 238 238 238 238 226  14   0
  0   2 238 255 255 255 255 255 255 255 255 255 255 242  15   0
  0   2 238 255 255 255 255 255 255 255 255 255 255 242  15   0
  0   2 238 255 229 252 238 234 253 253 234 232 231 240  15   0
  0   2 238 222  38 199  90 101 149 185 153  73  81 235  15   0
  0   2 238 147  92 109  82  40 194 135 254 144 164 242  15   0
  0   2 237 189 226 177 186 218 204 208 244 208 216 241  15   0
  0   2 236  90 108 100 108  76 102 125  38 183 123 240  15   0
  0   2 237 180 170 152 166 171 186 168 147 225 204 242  15   0
  0   2 238 255 255 255 255 255 255 255 255 255 255 242  15   0
  0   2 237 254 254 254 254 255 255 255 255 255 255 242  15   0
  0   2 225 241 241 241 242 242 242 242 242 242 242 230  14   0
  0   0  14  15  15  15  15  15  15  15  15  15  15  14   0   0
  0   0   0   0   0   0   0   0   0   0   0   0   0   0   0   0
  0   0   0   0   0   0   0   0   0   0   0   0   0   0   0   0
  0   0   2   2   2   2   2   2   2   2   2   2   2   2   0   0
  0   2 222 238 238 238 238 238 238 238 238 238 238 226  14   0
  0   2 238 255 255 255 255 255 255 255 255 255 255 242  15   0
  0   2 238 255 255 255 255 255 255 255 255 255 255 242  15   0
  0   2 238 255 229 252 238 234 253 253 234 232 231 240  15   0
  0   2 238 222  38 199  90 101 149 185 153  73  81 235  15   0
  0   2 238 147  92 109  82  40 194 135 254 144 164 242  15   0
  0   2 237 189 226 177 186 218 204 208 244 208 216 241  15   0
  0   2 236  90 108 100 108  76 102 125  38 183 123 240  15   0
  0   2 237 180 170 152 166 171 186 168 147 225 204 242  15   0
  0   2 238 255 255 255 255 255 255 255 255 255 255 242  15   0
  0   2 237 254 254 254 254 255 255 255 255 255 255 242  15   0
  0   2 225 241 241 241 242 242 242 242 242 242 242 230  14   0
  0   0  14  15  15  15  15  15  15  15  15  15  15  14   0   0
  0   0   0   0   0   0   0   0   0   0   0   0   0   0   0   0
  0   0   0   0   0   0   0   0   0   0   0   0   0   0   0   0
  0   0   2   2   2   2   2   2   2   2   2   2   2   2   0   0
  0   2 222 238 238 238 238 238 238 238 238 238 238 226  14   0
  0   2 238 255 255 255 255 255 255 255 255 255 255 242  15   0
  0   2 238 255 255 255 255 255 255 255 255 255 255 242  15   0
  0   2 238 255 229 252 238 234 253 253 234 232 231 240  15   0
  0   2 238 222  38 199  90 101 149 185 153  73  81 235  15   0
  0   2 238 147  92 109  82  40 194 135 254 144 164 242  15   0
  0   2 237 189 226 177 186 218 204 208 244 208 216 241  15   0
  0   2 236  90 108 100 108  76 102 125  38 183 123 240  15   0
  0   2 237 180 170 152 166 171 186 168 147 225 204 242  15   0
  0   2 238 255 255 255 255 255 255 255 255 255 255 242  15   0
  0   2 237 254 254 255 255 255 255 255 255 255 255 242  15   0
  0   2 225 241 241 242 242 242 242 242 242 242 242 230  14   0
  0   0  14  15  15  15  15  15  15  15  15  15  15  14   0   0
  0   0   0   0   0   0   0   0   0   0   0   0   0   0   0   0

  0   0   0   0   0   0   0   0   0   0   0   0   0   0   0   0
  0   0   9   9   9   9   9   9   9   9   9   9   9   9   0   0
  0   8 227 241 241 239 234 241 240 239 241 241 241 228   9   0
  0   8 240 255 255 231  89 171 220 126 209 255 255 241   9   0
  0   8 240 255 255 231  75 141 210 190 229 255 255 241   9   0
  0   8 240 255 255 233 158 254 244  39 153 255 255 241   9   0
  0   8 240 255 255 253 179 134 214 125 175 255 255 241   9   0
  0   8 240 255 255 254 153 200 207 100 187 255 255 241   9   0
  0   8 240 255 255 234 103  45 219  82 177 255 255 241   9   0
  0   8 240 255 255 237  87  80 189 113 173 255 254 241   9   0
  0   8 240 255 255 253 204 111 181 103 157 255 254 240   9   0
  0   8 240 255 255 229  41  92 230 107 173 255 254 240   9   0
  0   8 240 255 255 255 218 139 193  91 186 255 254 240   9   0
  0   8 225 240 240 240 240 240 239 238 239 240 239 226   9   0
  0   0   8   8   8   8   8   8   8   8   8   8   8   9   0   0
  0   0   0   0   0   0   0   0   0   0   0   0   0   0   0   0
  0   0   0   0   0   0   0   0   0   0   0   0   0   0   0   0
  0   0   9   9   9   9   9   9   9   9   9   9   9   9   0   0
  0   8 227 241 241 239 234 241 240 239 241 241 241 228   9   0
  0   8 240 255 255 231  89 171 220 126 209 255 255 241   9   0
  0   8 240 255 255 231  75 141 210 190 229 255 255 241   9   0
  0   8 240 255 255 233 158 254 244  39 153 255 255 241   9   0
  0   8 240 255 255 253 179 134 214 125 175 255 255 241   9   0
  0   8 240 255 255 254 153 200 207 100 187 255 255 241   9   0
  0   8 240 255 255 234 103  45 219  82 177 255 255 241   9   0
  0   8 240 255 255 237  87  80 189 113 173 255 255 241   9   0
  0   8 240 255 255 253 204 111 181 103 157 255 254 240   9   0
  0   8 240 255 255 229  41  92 230 107 173 255 254 240   9   0
  0   8 240 255 255 255 218 139 193  91 186 255 254 240   9   0
  0   8 225 240 240 240 240 240 239 238 239 240 239 226   9   0
  0   0   8   8   8   8   8   8   8   8   8   8   8   9   0   0
  0   0   0   0   0   0   0   0   0   0   0   0   0   0   0   0
  0   0   0   0   0   0   0   0   0   0   0   0   0   0   0   0
  0   0   9   9   9   9   9   9   9   9   9   9   9   9   0   0
  0   8 227 241 241 239 234 241 240 239 241 241 241 228   9   0
  0   8 240 255 255 231  89 171 220 126 209 255 255 241   9   0
  0   8 240 255 255 231  75 141 210 190 229 255 255 241   9   0
  0   8 240 255 255 233 158 254 244  39 153 255 255 241   9   0
  0   8 240 255 255 253 179 134 214 125 175 255 255 241   9   0
  0   8 240 255 255 254 153 200 207 100 187 255 255 241   9   0
  0   8 240 255 255 234 103  45 219  82 177 255 255 241   9   0
  0   8 240 255 255 237  87  80 189 113 173 255 255 241   9   0
  0   8 240 255 255 253 204 111 181 103 157 255 255 241   9   0
  0   8 240 255 255 229  41  92 230 107 173 255 254 240   9   0
  0   8 240 255 255 255 218 139 193  91 186 255 254 240   9   0
  0   8 225 240 240 240 240 240 239 238 239 240 239 226   9   0
  0   0   8   8   8   8   8   8   8   8   8   8   8   9   0   0
  0   0   0   0   0   0   0   0   0   0   0   0   0   0   0   0

  0   0   0   0   0   0   0   0   0   0   0   0   0   0   0   0
  0   0   9   9   9   9   9   9   9   9   9   9   9   9   0   0
  0   9 228 241 241 241 241 241 241 241 240 240 240 226   9   0
  0   9 241 255 255 255 255 255 255 254 254 254 254 239   8   0
  0   9 241 255 255 255 255 255 255 255 255 255 255 240   8   0
  0   9 241 209 229 153 175 187 177 173 157 173 186 239   8   0
  0   9 239 126 190  39 125 100  82 113 103 107  91 238   8   0
  0   9 240 220 210 244 214 207 219 189 181 230 193 239   8   0
  0   9 241 171 141 254 134 200  45  80 111  92 139 240   8   0
  0   9 234  89  75 158 179 153 103  87 204  41 218 240   8   0
  0   9 239 231 231 233 253 254 234 237 253 229 255 240   8   0
  0   9 241 255 255 255 255 255 255 255 255 255 255 240   8   0
  0   9 241 255 255 255 255 255 255 255 255 255 255 240   8   0
  0   9 227 240 240 240 240 240 240 240 240 240 240 225   8   0
  0   0   8   8   8   8   8   8   8   8   8   8   8   8   0   0
  0   0   0   0   0   0   0   0   0   0   0   0   0   0   0   0
  0   0   0   0   0   0   0   0   0   0   0   0   0   0   0   0
  0   0   9   9   9   9   9   9   9   9   9   9   9   9   0   0
  0   9 228 241 241 241 241 241 241 241 240 240 240 226   9   0
  0   9 241 255 255 255 255 255 255 255 254 254 254 239   8   0
  0   9 241 255 255 255 255 255 255 255 255 255 255 240   8   0
  0   9 241 209 229 153 175 187 177 173 157 173 186 239   8   0
  0   9 239 126 190  39 125 100  82 113 103 107  91 238   8   0
  0   9 240 220 210 244 214 207 219 189 181 230 193 239   8   0
  0   9 241 171 141 254 134 200  45  80 111  92 139 240   8   0
  0   9 234  89  75 158 179 153 103  87 204  41 218 240   8   0
  0   9 239 231 231 233 253 254 234 237 253 229 255 240   8   0
  0   9 241 255 255 255 255 255 255 255 255 255 255 240   8   0
  0   9 241 255 255 255 255 255 255 255 255 255 255 240   8   0
  0   9 227 240 240 240 240 240 240 240 240 240 240 225   8   0
  0   0   8   8   8   8   8   8   8   8   8   8   8   8   0   0
  0   0   0   0   0   0   0   0   0   0   0   0   0   0   0   0
  0   0   0   0   0   0   0   0   0   0   0   0   0   0   0   0
  0   0   9   9   9   9   9   9   9   9   9   9   9   9   0   0
  0   9 228 241 241 241 241 241 241 241 241 240 240 226   9   0
  0   9 241 255 255 255 255 255 255 255 255 254 254 239   8   0
  0   9 241 255 255 255 255 255 255 255 255 255 255 240   8   0
  0   9 241 209 229 153 175 187 177 173 157 173 186 239   8   0
  0   9 239 126 190  39 125 100  82 113 103 107  91 238   8   0
  0   9 240 220 210 244 214 207 219 189 181 230 193 239   8   0
  0   9 241 171 141 254 134 200  45  80 111  92 139 240   8   0
  0   9 234  89  75 158 179 153 103  87 204  41 218 240   8   0
  0   9 239 231 231 233 253 254 234 237 253 229 255 240   8   0
  0   9 241 255 255 255 255 255 255 255 255 255 255 240   8   0
  0   9 241 255 255 255 255 255 255 255 255 255 255 240   8   0
  0   9 227 240 240 240 240 240 240 240 240 240 240 225   8   0
  0   0   8   8   8   8   8   8   8   8   8   8   8   8   0   0
  0   0   0   0   0   0   0   0   0   0   0   0   0   0   0   0

  0   0   0   0   0   0   0   0   0   0   0   0   0   0   0   0
  0   0   9   8   8   8   8   8   8   8   8   8   8   8   0   0
  0   9 226 239 240 239 238 239 240 240 240 240 240 225   8   0
  0   9 240 254 255 186  91 193 139 218 255 255 255 240   8   0
  0   9 240 254 255 173 107 230  92  41 229 255 255 240   8   0
  0   9 240 254 255 157 103 181 111 204 253 255 255 240   8   0
  0   9 241 254 255 173 113 189  80  87 237 255 255 240   8   0
  0   9 241 255 255 177  82 219  45 103 234 255 255 240   8   0
  0   9 241 255 255 187 100 207 200 153 254 255 255 240   8   0
  0   9 241 255 255 175 125 214 134 179 253 255 255 240   8   0
  0   9 241 255 255 153  39 244 254 158 233 255 255 240   8   0
  0   9 241 255 255 229 190 210 141  75 231 255 255 240   8   0
  0   9 241 255 255 209 126 220 171  89 231 255 255 240   8   0
  0   9 228 241 241 241 239 240 241 234 239 241 241 227   8   0
  0   0   9   9   9   9   9   9   9   9   9   9   9   9   0   0
  0   0   0   0   0   0   0   0   0   0   0   0   0   0   0   0
  0   0   0   0   0   0   0   0   0   0   0   0   0   0   0   0
  0   0   9   8   8   8   8   8   8   8   8   8   8   8   0   0
  0   9 226 239 240 239 238 239 240 240 240 240 240 225   8   0
  0   9 240 254 255 186  91 193 139 218 255 255 255 240   8   0
  0   9 240 254 255 173 107 230  92  41 229 255 255 240   8   0
  0   9 240 254 255 157 103 181 111 204 253 255 255 240   8   0
  0   9 241 255 255 173 113 189  80  87 237 255 255 240   8   0
  0   9 241 255 255 177  82 219  45 103 234 255 255 240   8   0
  0   9 241 255 255 187 100 207 200 153 254 255 255 240   8   0
  0   9 241 255 255 175 125 214 134 179 253 255 255 240   8   0
  0   9 241 255 255 153  39 244 254 158 233 255 255 240   8   0
  0   9 241 255 255 229 190 210 141  75 231 255 255 240   8   0
  0   9 241 255 255 209 126 220 171  89 231 255 255 240   8   0
  0   9 228 241 241 241 239 240 241 234 239 241 241 227   8   0
  0   0   9   9   9   9   9   9   9   9   9   9   9   9   0   0
  0   0   0   0   0   0   0   0   0   0   0   0   0   0   0   0
  0   0   0   0   0   0   0   0   0   0   0   0   0   0   0   0
  0   0   9   8   8   8   8   8   8   8   8   8   8   8   0   0
  0   9 226 239 240 239 238 239 240 240 240 240 240 225   8   0
  0   9 240 254 255 186  91 193 139 218 255 255 255 240   8   0
  0   9 240 254 255 173 107 230  92  41 229 255 255 240   8   0
  0   9 241 255 255 157 103 181 111 204 253 255 255 240   8   0
  0   9 241 255 255 173 113 189  80  87 237 255 255 240   8   0
  0   9 241 255 255 177  82 219  45 103 234 255 255 240   8   0
  0   9 241 255 255 187 100 207 200 153 254 255 255 240   8   0
  0   9 241 255 255 175 125 214 134 179 253 255 255 240   8   0
  0   9 241 255 255 153  39 244 254 158 233 255 255 240   8   0
  0   9 241 255 255 229 190 210 141  75 231 255 255 240   8   0
  0   9 241 255 255 209 126 220 171  89 231 255 255 240   8   0
  0   9 228 241 241 241 239 240 241 234 239 241 241 227   8   0
  0   0   9   9   9   9   9   9   9   9   9   9   9   9   0   0
  0   0   0   0   0   0   0   0   0   0   0   0   0   0   0   0
