  8   8   8   9   9   9  10  10  10  10  11  11  11  11  12  12
  8   9   9   9   9  10  10  11  10  10  12  11  11  11  12  12
  9   9   9   9   9  10  10  11  11  11  12  11  11  12  12  12
  9  10  10  11  11  11  11  11  11  11  12  12  11  12  12  12
 55  40  43  52  48  46  53  44  28  48  50  58  50  63  66  12
 19  20  36  14  13  14  14  13  13  12  13  13  13  13  13  13
 24  23  29  12  13  14  14  15  13  13  14  14  14  13  13  13
 11  11  11  13  13  14  15  16  15  13  15  16  15  15  14  14
 12  13  13  13  14  15  16  16  26  47  58  55  45  32  20  20
 13  14  15  15  16  18  22  65  87  60  42  27  17  14  15  13
 13  14  16  18  19  27  94  84  57  40  26  13   9   6   5   4
 15  16  17  19  26  99  75  47  31  19  14   8   6   6   5   5
 16  18  20  21  67  77  49  32  23  15  11   6   6   5   5   5
 17  19  21  31  93  41  70 138  89  23   8   7   6   5   5   5
 19  20  21  65  61 124 219 185  80  28  11   7   6   6   5   5
 20  22  23  74 126 221 210 120  49  22  10   7   7   7   7   6
  8   8   8   9   9   9  10  10  10  10  11  11  11  11  12  12
  8   9   9   9   9  10  10  11  10  10  12  11  11  11  12  12
  9   9   9   9   9  10  10  11  11  11  12  11  11  12  12  12
  9  10  10  11  11  11  11  11  11  11  12  12  11  12  12  12
 55  40  43  52  48  46  53  44  28  48  50  58  50  63  66  12
 19  20  36  14  13  14  14  13  13  12  13  13  13  13  13  13
 24  23  29  12  13  14  14  15  13  13  14  14  14  13  13  13
 11  11  11  13  13  14  15  16  15  13  15  16  15  15  14  14
 12  13  13  13  14  15  16  16  26  46  57  54  44  31  20  19
 13  14  15  15  16  18  22  63  85  59  42  26  17  14  15  13
 13  14  16  18  19  27  92  83  56  39  25  13   9   6   5   5
 15  16  17  19  26  98  73  46  30  19  14   8   6   6   5   5
 16  18  20  21  66  75  50  34  25  16  12   6   6   5   5   5
 17  19  21  32  94  42  72 140  91  26  10   7   6   5   5   5
 19  20  21  66  63 127 221 187  83  30  14   7   6   6   5   5
 20  22  23  75 129 223 212 121  52  25  10   7   7   7   7   6
  7   8   8   9   9   9  10  10  10  10  11  11  11  11  12  12
  8   9   9   9   9  10  10  11  10  10  12  11  11  11  12  12
  9   9   9   9   9  10  10  11  11  11  12  11  11  12  12  12
  9  10  10  11  11  11  11  11  11  11  12  12  11  12  12  12
 55  40  43  52  48  46  53  44  28  48  50  58  50  63  66  12
 19  20  36  14  13  14  14  13  13  12  13  13  13  13  13  13
 24  23  29  12  13  14  14  15  13  13  14  14  14  13  13  13
 11  11  11  13  13  14  15  16  15  13  15  16  15  15  14  14
 12  13  13  13  14  15  16  16  26  47  60  57  47  34  21  20
 13  14  15  15  16  18  22  66  89  63  44  28  18  14  15  13
 13  14  16  18  19  27  96  88  60  41  26  13   9   6   5   4
 15  16  17  19  27 101  78  50  32  19  14   8   6   5   5   4
 16  18  20  21  68  81  55  38  27  16  12   6   6   5   5   5
 17  19  21  32 100  47  79 149 104  33  10   7   6   5   5   5
 19  20  21  69  70 133 223 195  99  40  16   7   6   6   5   5
 20  22  23  82 136 225 216 134  63  31  11   7   7   7   7   6

 12  13  13  13  13  13  14  15  21  13   5   5   5   5   5   6
 12  12  12  12  66  13  14  15  20  15   5   5   5   5   6   7
 11  11  12  12  63  13  13  15  31  14   7   6   6   6   7   7
 11  11  12  12  54  13  14  16  44  17   9   6   6   6   7   8
 11  11  12  12  62  13  14  17  55  27  12   8   7   7   8   8
 11  12  12  13  54  13  15  16  60  41  26  14  12   9  12  10
 10  10  11  11  52  12  13  14  51  60  39  19  15  23  28  21
 10  11  11  11  32  13  14  15  30  86  56  31  23  87  76  47
 11  11  11  12  47  14  15  16  17  69  83  45  32 144 182 113
 10  10  11  12  58  14  15  16  16  27  95  74  48  81 222 208
  9  10  11  12  51  14  14  15  15  18  32  99  74  43 137 221
  9  10  10  12  51  13  13  14  15  17  20  29  72  89  59 137
  9  10  10  12  56  14  12  13  14  16  19  19  21  34  72  79
  9   9  10  11  47  43  23  12  13  16  17  18  20  22  22  24
  8   9  10  11  44  25  20  12  13  14  15  17  19  19  21  23
  8   8   9   9  60  24  20  12  12  13  13  16  17  17  19  21
 12  13  13  13  13  13  14  15  20  13   5   5   5   5   5   6
 12  12  12  12  66  13  14  15  20  15   5   5   5   5   6   7
 11  11  12  12  63  13  13  15  31  14   7   6   6   6   7   7
 11  11  12  12  54  13  14  16  44  17   9   7   6   6   7   8
 11  11  12  12  62  13  14  17  54  26  12   8   7   7   8   8
 11  12  12  13  54  13  15  16  58  41  25  14  12  10  14  10
 10  10  11  11  52  12  13  14  50  59  38  19  16  26  30  24
 10  11  11  11  32  13  14  15  30  84  55  30  25  89  80  50
 11  11  11  12  47  14  15  16  17  67  83  44  34 146 183 115
 10  10  11  12  58  14  15  16  16  27  93  73  49  83 224 210
  9  10  11  12  51  14  14  15  15  18  32  98  73  44 139 223
  9  10  10  12  51  13  13  14  15  17  20  29  72  90  61 139
  9  10  10  12  56  14  12  13  14  16  19  19  21  34  73  81
  9  10  10  11  47  43  23  12  13  16  17  18  20  22  22  24
  8   9  10  11  44  25  20  12  13  14  15  17  19  19  21  22
  9   8   9   9  60  24  20  12  12  13  13  16  17  17  19  21
 12  13  13  13  13  13  14  15  21  13   5   5   5   5   5   6
 12  12  12  12  66  13  14  15  21  15   5   5   5   5   6   7
 11  11  12  12  63  13  13  15  33  14   7   5   5   5   7   7
 11  11  12  12  54  13  14  16  47  18   9   6   6   6   7   8
 11  11  12  12  62  13  14  17  56  27  12   8   7   7   8   8
 11  12  12  13  54  13  15  16  62  43  26  14  12  10  16  11
 10  10  11  11  52  12  13  14  52  63  40  20  17  33  39  29
 10  11  11  11  32  13  14  15  30  88  58  32  28 102  95  61
 11  11  11  12  47  14  15  16  17  71  88  48  38 155 192 129
 10  10  11  12  58  14  15  16  16  27  98  77  54  90 225 215
  9  10  11  12  51  14  14  15  15  18  33 101  79  49 145 225
  9  10  10  12  51  13  13  14  15  17  20  29  75  95  68 146
  9   9  10  12  56  14  12  13  14  16  19  19  21  34  76  88
  9   9  10  11  47  43  23  12  13  16  17  18  20  22  22  24
  8   9  10  11  44  25  20  12  13  14  15  17  19  19  21  23
  8   8   9   9  60  24  20  12  12  13  13  16  17  17  19  21

  6   7   7   8   8  10  21  47 113 208 221 137  79  24  23  21
  5   6   7   7   8  12  28  76 182 222 137  59  72  22  21  19
  5   5   6   6   7   9  23  87 144  81  43  89  34  22  19  17
  5   5   6   6   7  12  15  23  32  48  74  72  21  20  19  17
  5   5   6   6   8  14  19  31  45  74  99  29  19  18  17  16
  5   5   7   9  12  26  39  56  83  95  32  20  19  17  15  13
 13  15  14  17  27  41  60  86  69  27  18  17  16  16  14  13
 21  20  31  44  55  60  51  30  17  16  15  15  14  13  13  12
 15  15  15  16  17  16  14  15  16  16  15  14  13  12  12  12
 14  14  13  14  14  15  13  14  15  15  14  13  12  23  20  20
 13  13  13  13  13  13  12  13  14  14  14  13  14  43  25  24
 13  66  63  54  62  54  52  32  47  58  51  51  56  47  44  60
 13  12  12  12  12  13  11  11  12  12  12  12  12  11  11   9
 13  12  12  12  12  12  11  11  11  11  11  10  10  10  10   9
 13  12  11  11  11  12  10  11  11  10  10  10  10   9   9   8
 12  12  11  11  11  11  10  10  11  10   9   9   9   9   8   8
  6   7   7   8   8  10  24  50 115 210 223 139  81  24  22  21
  5   6   7   7   8  14  30  80 183 224 139  61  73  22  21  19
  5   5   6   6   7  10  26  89 146  83  44  90  34  22  19  17
  5   5   6   6   7  12  16  25  34  49  73  72  21  20  19  17
  5   5   6   7   8  14  19  30  44  73  98  29  19  18  17  16
  5   5   7   9  12  25  38  55  83  93  32  20  19  17  15  13
 13  15  14  17  26  41  59  84  67  27  18  17  16  16  14  13
 20  20  31  44  54  58  50  30  17  16  15  15  14  13  13  12
 15  15  15  16  17  16  14  15  16  16  15  14  13  12  12  12
 14  14  13  14  14  15  13  14  15  15  14  13  12  23  20  20
 13  13  13  13  13  13  12  13  14  14  14  13  14  43  25  24
 13  66  63  54  62  54  52  32  47  58  51  51  56  47  44  60
 13  12  12  12  12  13  11  11  12  12  12  12  12  11  11   9
 13  12  12  12  12  12  11  11  11  11  11  10  10  10  10   9
 13  12  11  11  11  12  10  11  11  10  10  10  10  10   9   8
 12  12  11  11  11  11  10  10  11  10   9   9   9   9   8   9
  6   7   7   8   8  11  29  61 129 215 225 146  88  24  23  21
  5   6   7   7   8  16  39  95 192 225 145  68  76  22  21  19
  5   5   5   6   7  10  33 102 155  90  49  95  34  22  19  17
  5   5   5   6   7  12  17  28  38  54  79  75  21  20  19  17
  5   5   5   6   8  14  20  32  48  77 101  29  19  18  17  16
  5   5   7   9  12  26  40  58  88  98  33  20  19  17  15  13
 13  15  14  18  27  43  63  88  71  27  18  17  16  16  14  13
 21  21  33  47  56  62  52  30  17  16  15  15  14  13  13  12
 15  15  15  16  17  16  14  15  16  16  15  14  13  12  12  12
 14  14  13  14  14  15  13  14  15  15  14  13  12  23  20  20
 13  13  13  13  13  13  12  13  14  14  14  13  14  43  25  24
 13  66  63  54  62  54  52  32  47  58  51  51  56  47  44  60
 13  12  12  12  12  13  11  11  12  12  12  12  12  11  11   9
 13  12  12  12  12  12  11  11  11  11  11  10  10  10  10   9
 13  12  11  11  11  12  10  11  11  10  10  10   9   9   9   8
 12  12  11  11  11  11  10  10  11  10   9   9   9   9   8   8

 21  19  17  17  16  13  13  12  12  20  24  60   9   9   8   8
 23  21  19  19  17  15  14  13  12  20  25  44  11  10   9   8
 24  22  22  20  18  17  16  13  12  23  43  47  11  10   9   9
 79  72  34  21  19  19  16  14  13  12  14  56  12  10  10   9
137  59  89  72  29  20  17  15  14  13  13  51  12  10  10   9
221 137  43  74  99  32  18  15  15  14  14  51  12  11  10   9
208 222  81  48  74  95  27  16  16  15  14  58  12  11  10  10
113 182 144  32  45  83  69  17  16  15  14  47  12  11  11  11
 47  76  87  23  31  56  86  30  15  14  13  32  11  11  11  10
 21  28  23  15  19  39  60  51  14  13  12  52  11  11  10  10
 10  12   9  12  14  26  41  60  16  15  13  54  13  12  12  11
  8   8   7   7   8  12  27  55  17  14  13  62  12  12  11  11
  8   7   6   6   6   9  17  44  16  14  13  54  12  12  11  11
  7   7   6   6   6   7  14  31  15  13  13  63  12  12  11  11
  7   6   5   5   5   5  15  20  15  14  13  66  12  12  12  12
  6   5   5   5   5   5  13  21  15  14  13  13  13  13  13  12
 21  19  17  17  16  13  13  12  12  20  24  60   9   9   8   9
 22  21  19  19  17  15  14  13  12  20  25  44  11  10   9   8
 24  22  22  20  18  17  16  13  12  23  43  47  11  10  10   9
 81  73  34  21  19  19  16  14  13  12  14  56  12  10  10   9
139  61  90  72  29  20  17  15  14  13  13  51  12  10  10   9
223 139  44  73  98  32  18  15  15  14  14  51  12  11  10   9
210 224  83  49  73  93  27  16  16  15  14  58  12  11  10  10
115 183 146  34  44  83  67  17  16  15  14  47  12  11  11  11
 50  80  89  25  30  55  84  30  15  14  13  32  11  11  11  10
 24  30  26  16  19  38  59  50  14  13  12  52  11  11  10  10
 10  14  10  12  14  25  41  58  16  15  13  54  13  12  12  11
  8   8   7   7   8  12  26  54  17  14  13  62  12  12  11  11
  8   7   6   6   7   9  17  44  16  14  13  54  12  12  11  11
  7   7   6   6   6   7  14  31  15  13  13  63  12  12  11  11
  7   6   5   5   5   5  15  20  15  14  13  66  12  12  12  12
  6   5   5   5   5   5  13  20  15  14  13  13  13  13  13  12
 21  19  17  17  16  13  13  12  12  20  24  60   9   9   8   8
 23  21  19  19  17  15  14  13  12  20  25  44  11  10   9   8
 24  22  22  20  18  17  16  13  12  23  43  47  11  10   9   9
 88  76  34  21  19  19  16  14  13  12  14  56  12  10   9   9
146  68  95  75  29  20  17  15  14  13  13  51  12  10  10   9
225 145  49  79 101  33  18  15  15  14  14  51  12  11  10   9
215 225  90  54  77  98  27  16  16  15  14  58  12  11  10  10
129 192 155  38  48  88  71  17  16  15  14  47  12  11  11  11
 61  95 102  28  32  58  88  30  15  14  13  32  11  11  11  10
 29  39  33  17  20  40  63  52  14  13  12  52  11  11  10  10
 11  16  10  12  14  26  43  62  16  15  13  54  13  12  12  11
  8   8   7   7   8  12  27  56  17  14  13  62  12  12  11  11
  8   7   6   6   6   9  18  47  16  14  13  54  12  12  11  11
  7   7   5   5   5   7  14  33  15  13  13  63  12  12  11  11
  7   6   5   5   5   5  15  21  15  14  13  66  12  12  12  12
  6   5   5   5   5   5  13  21  15  14  13  13  13  13  13  12
